64255284
35531516
P3938730
69218980
P3943931
72073380
P3943449
P3944628
P3943614
P3915577
97948426
69206555
97772115
69081123
71564124
68919273
99054678
99054629
99054710
99054694
99054868
99054587
99054579
98659089
98659014
98658628
98658958
98658909
98658941
98659048
98658974
98658966
98658982
99010985
69132702
52379484
34592774
34583211
12166997
99054959
12166278
12166286
12166260
99054637
12164653
99054785
99054645
99054736
99054686
99054553
99054595
96398649
97771513
19739457
40711582
98658537
98659063
97771497
98659097
98658669
98659030
98658990
98659006
98659071
98658651
98659055
97771182
97771364
97771505
97771299
19739416
97771281
64669195
35499417
64669187
35499433
69726206
35499466
35499425
35499458
35499441
35495977
36262962
35495985
69732709
99054769
72158033
69732691
99054850
99054728
99054934
69732675
99054702
99054652
99054660
99054975
99054801
99054744
99054926
38705075
99054819
38705067
99054900
38705059
38705042
38700498
38701009
35474279
38700472
45015104